29,1
29,3
38,35
10,181
10,90
10,289
10,162
10,186
10,28
10,123
11,7
11,8
11,29
11,25
11,15
11,13
8,8
8,13
8,18
8,6
8,12
8,16
8,2
8,3
12,2
12,1
12,3
20,2
20,1
20,3
19,2
19,1
19,3
38,1
37,2
37,0
11,26
11,24
11,22
11,20
11,12
11,10
11,9
11,3
11,2
18,1
11,1
18,3
10,309
10,260
10,254
10,225
10,218
10,136
10,70
10,12
10,3
10,2
10,1
9,7
9,6
9,4
9,3
9,2
9,1
8,1
2,2
8,11
3,3
2,1
3,2
2,3
3,1
0,513
0,512
0,511
0,510
0,509
0,508
0,507
0,506
0,505
0,504
0,503
0,502
0,501
0,500
0,499
0,498
0,497
0,496
0,495
0,494
0,493
0,492
0,491
0,490
0,489
0,488
0,487
